0.000000000000000000e+00 5.000000000000000278e-02 5.252434599999999814e-11
3.500000000000000073e-03 5.000000000000000278e-02 5.804727800000000149e-11
8.325333299999999534e-03 5.000000000000000278e-02 6.663250299999999756e-11
1.502933000000000047e-02 5.000000000000000278e-02 8.072172099999999844e-11
2.434341599999999967e-02 5.000000000000000278e-02 1.054078600000000064e-10
3.728378499999999984e-02 5.000000000000000278e-02 1.528061500000000007e-10
5.526227200000000117e-02 5.000000000000000278e-02 2.562578900000000120e-10
8.024038399999999793e-02 5.000000000000000278e-02 5.265444100000000239e-10
1.082403799999999972e-01 5.000000000000000278e-02 1.182660599999999910e-09
1.362403799999999943e-01 5.000000000000000278e-02 2.659304599999999924e-09
1.642403799999999914e-01 5.000000000000000278e-02 5.978515500000000374e-09
1.922403799999999885e-01 5.000000000000000278e-02 1.340945099999999934e-08
2.202403800000000134e-01 5.000000000000000278e-02 2.989359100000000152e-08
2.482403800000000105e-01 5.000000000000000278e-02 6.580910500000000091e-08
2.762403800000000076e-01 5.000000000000000278e-02 1.414588700000000012e-07
3.042403799999999769e-01 5.000000000000000278e-02 2.922498999999999943e-07
3.322403800000000018e-01 5.000000000000000278e-02 5.662340800000000386e-07
3.602403800000000267e-01 5.000000000000000278e-02 9.618078499999999379e-07
3.882403799999999960e-01 5.000000000000000278e-02 1.478850300000000067e-06
4.162403800000000209e-01 5.000000000000000278e-02 2.051995600000000137e-06
4.442403799999999903e-01 5.000000000000000278e-02 2.585277799999999986e-06
4.722403800000000151e-01 5.000000000000000278e-02 3.042317900000000212e-06
5.002403800000000400e-01 5.000000000000000278e-02 3.443500200000000028e-06
5.282403799999999539e-01 5.000000000000000278e-02 3.806837999999999906e-06
5.562403799999999787e-01 5.000000000000000278e-02 4.139661300000000162e-06
5.842403800000000036e-01 5.000000000000000278e-02 4.447696099999999613e-06
6.122403800000000285e-01 5.000000000000000278e-02 4.729701199999999913e-06
6.402403800000000533e-01 5.000000000000000278e-02 4.984151800000000136e-06
6.682403799999999672e-01 5.000000000000000278e-02 5.212974200000000326e-06
6.962403799999999920e-01 5.000000000000000278e-02 5.419751799999999828e-06
6.999999999999999556e-01 5.000000000000000278e-02 5.445952899999999857e-06
0.000000000000000000e+00 1.000000000000000056e-01 6.437685099999999965e-11
3.500000000000000073e-03 1.000000000000000056e-01 7.112851199999999814e-11
8.325333299999999534e-03 1.000000000000000056e-01 8.162015799999999909e-11
1.502933000000000047e-02 1.000000000000000056e-01 9.882954600000000565e-11
2.434341599999999967e-02 1.000000000000000056e-01 1.289611099999999943e-10
3.728378499999999984e-02 1.000000000000000056e-01 1.867544000000000081e-10
5.512424199999999691e-02 1.000000000000000056e-01 3.114655300000000028e-10
7.972028400000000237e-02 1.000000000000000056e-01 6.315315400000000255e-10
1.077202800000000016e-01 1.000000000000000056e-01 1.414575400000000074e-09
1.357202799999999987e-01 1.000000000000000056e-01 3.171306500000000003e-09
1.637202799999999958e-01 1.000000000000000056e-01 7.105530200000000031e-09
1.917202799999999929e-01 1.000000000000000056e-01 1.587222199999999941e-08
2.197202799999999900e-01 1.000000000000000056e-01 3.519999000000000099e-08
2.477202799999999872e-01 1.000000000000000056e-01 7.692591899999999412e-08
2.757202799999999843e-01 1.000000000000000056e-01 1.636754200000000030e-07
3.037202800000000091e-01 1.000000000000000056e-01 3.331897499999999743e-07
3.317202799999999785e-01 1.000000000000000056e-01 6.350817400000000052e-07
3.597202800000000034e-01 1.000000000000000056e-01 1.071199799999999920e-06
3.877202799999999727e-01 1.000000000000000056e-01 1.629448899999999950e-06
4.157202799999999976e-01 1.000000000000000056e-01 2.262500500000000057e-06
4.437202800000000225e-01 1.000000000000000056e-01 2.891045299999999935e-06
4.717202799999999918e-01 1.000000000000000056e-01 3.475855099999999799e-06
4.997202800000000167e-01 1.000000000000000056e-01 4.011595899999999794e-06
5.277202800000000416e-01 1.000000000000000056e-01 4.501951400000000151e-06
5.557202799999999554e-01 1.000000000000000056e-01 4.963034200000000140e-06
5.837202799999999803e-01 1.000000000000000056e-01 5.400150400000000053e-06
6.117202800000000051e-01 1.000000000000000056e-01 5.810380600000000237e-06
6.397202800000000300e-01 1.000000000000000056e-01 6.194739000000000186e-06
6.677202800000000549e-01 1.000000000000000056e-01 6.554657800000000342e-06
6.957202799999999687e-01 1.000000000000000056e-01 6.889428100000000345e-06
6.999999999999999556e-01 1.000000000000000056e-01 6.938482999999999888e-06
0.000000000000000000e+00 2.000000000000000111e-01 9.427213900000000166e-11
3.500000000000000073e-03 2.000000000000000111e-01 1.040852600000000031e-10
8.325333299999999534e-03 2.000000000000000111e-01 1.193200300000000121e-10
1.502933000000000047e-02 2.000000000000000111e-01 1.442767799999999942e-10
2.434341599999999967e-02 2.000000000000000111e-01 1.878915600000000056e-10
3.718443500000000179e-02 2.000000000000000111e-01 2.705564499999999999e-10
5.488792099999999924e-02 2.000000000000000111e-01 4.476229999999999751e-10
7.929512599999999356e-02 2.000000000000000111e-01 8.971930100000000502e-10
1.072951300000000024e-01 2.000000000000000111e-01 1.994172900000000047e-09
1.352951300000000134e-01 2.000000000000000111e-01 4.431968700000000360e-09
1.632951300000000106e-01 2.000000000000000111e-01 9.829706600000000120e-09
1.912951300000000077e-01 2.000000000000000111e-01 2.168778599999999999e-08
2.192951300000000048e-01 2.000000000000000111e-01 4.734604600000000068e-08
2.472951300000000019e-01 2.000000000000000111e-01 1.013616299999999992e-07
2.752951299999999990e-01 2.000000000000000111e-01 2.098605799999999875e-07
3.032951300000000239e-01 2.000000000000000111e-01 4.124920199999999786e-07
3.312951299999999932e-01 2.000000000000000111e-01 7.555045900000000359e-07
3.592951300000000181e-01 2.000000000000000111e-01 1.242474000000000092e-06
3.872951299999999875e-01 2.000000000000000111e-01 1.826868799999999935e-06
4.152951300000000123e-01 2.000000000000000111e-01 2.467917300000000197e-06
4.432951299999999817e-01 2.000000000000000111e-01 3.107242799999999909e-06
4.712951300000000066e-01 2.000000000000000111e-01 3.738642099999999914e-06
4.992951299999999759e-01 2.000000000000000111e-01 4.364241200000000027e-06
5.272951299999999453e-01 2.000000000000000111e-01 4.973933100000000145e-06
5.552951299999999701e-01 2.000000000000000111e-01 5.555285700000000208e-06
5.832951299999999950e-01 2.000000000000000111e-01 6.105324899999999920e-06
6.112951300000000199e-01 2.000000000000000111e-01 6.629490900000000248e-06
6.392951300000000447e-01 2.000000000000000111e-01 7.130290499999999999e-06
6.672951299999999586e-01 2.000000000000000111e-01 7.610324799999999971e-06
6.952951299999999835e-01 2.000000000000000111e-01 8.067648499999999809e-06
6.999999999999999556e-01 2.000000000000000111e-01 8.142012899999999926e-06
0.000000000000000000e+00 2.999999999999999889e-01 1.343543800000000017e-10
3.500000000000000073e-03 2.999999999999999889e-01 1.482167599999999970e-10
8.325333299999999534e-03 2.999999999999999889e-01 1.697145299999999925e-10
1.502933000000000047e-02 2.999999999999999889e-01 2.048769699999999903e-10
2.434341599999999967e-02 2.999999999999999889e-01 2.661928299999999798e-10
3.728378499999999984e-02 2.999999999999999889e-01 3.831119100000000128e-10
5.512424199999999691e-02 2.999999999999999889e-01 6.332549899999999571e-10
7.972028400000000237e-02 2.999999999999999889e-01 1.267000399999999992e-09
1.077202800000000016e-01 2.999999999999999889e-01 2.790657399999999955e-09
1.357202799999999987e-01 2.999999999999999889e-01 6.138162299999999728e-09
1.637202799999999958e-01 2.999999999999999889e-01 1.344961999999999930e-08
1.917202799999999929e-01 2.999999999999999889e-01 2.924092599999999982e-08
2.197202799999999900e-01 2.999999999999999889e-01 6.266771399999999724e-08
2.477202799999999872e-01 2.999999999999999889e-01 1.310315900000000000e-07
2.757202799999999843e-01 2.999999999999999889e-01 2.633224100000000120e-07
3.037202800000000091e-01 2.999999999999999889e-01 4.996379900000000071e-07
3.317202799999999785e-01 2.999999999999999889e-01 8.802468400000000357e-07
3.597202800000000034e-01 2.999999999999999889e-01 1.406022200000000026e-06
3.877202799999999727e-01 2.999999999999999889e-01 2.005441899999999841e-06
4.157202799999999976e-01 2.999999999999999889e-01 2.645511299999999822e-06
4.437202800000000225e-01 2.999999999999999889e-01 3.285199199999999966e-06
4.717202799999999918e-01 2.999999999999999889e-01 3.923637000000000394e-06
4.997202800000000167e-01 2.999999999999999889e-01 4.559738400000000111e-06
5.277202800000000416e-01 2.999999999999999889e-01 5.187001199999999753e-06
5.557202799999999554e-01 2.999999999999999889e-01 5.800206500000000250e-06
5.837202799999999803e-01 2.999999999999999889e-01 6.399843499999999943e-06
6.117202800000000051e-01 2.999999999999999889e-01 6.982266799999999893e-06
6.397202800000000300e-01 2.999999999999999889e-01 7.545323800000000354e-06
6.677202800000000549e-01 2.999999999999999889e-01 8.090642699999999555e-06
6.957202799999999687e-01 2.999999999999999889e-01 8.615848600000000699e-06
6.999999999999999556e-01 2.999999999999999889e-01 8.694275100000000651e-06
0.000000000000000000e+00 4.000000000000000222e-01 1.874091399999999969e-10
3.500000000000000073e-03 4.000000000000000222e-01 2.065638499999999949e-10
8.325333299999999534e-03 4.000000000000000222e-01 2.362344399999999988e-10
1.502933000000000047e-02 4.000000000000000222e-01 2.846850699999999858e-10
2.434341599999999967e-02 4.000000000000000222e-01 3.689752800000000171e-10
3.728378499999999984e-02 4.000000000000000222e-01 5.291606299999999741e-10
5.512424199999999691e-02 4.000000000000000222e-01 8.701820500000000205e-10
7.972028400000000237e-02 4.000000000000000222e-01 1.727800699999999985e-09
1.077202800000000016e-01 4.000000000000000222e-01 3.769041299999999633e-09
1.357202799999999987e-01 4.000000000000000222e-01 8.199489800000000125e-09
1.637202799999999958e-01 4.000000000000000222e-01 1.773739499999999880e-08
1.917202799999999929e-01 4.000000000000000222e-01 3.797405999999999904e-08
2.197202799999999900e-01 4.000000000000000222e-01 7.985514500000000590e-08
2.477202799999999872e-01 4.000000000000000222e-01 1.630713499999999907e-07
2.757202799999999843e-01 4.000000000000000222e-01 3.184872500000000185e-07
3.037202800000000091e-01 4.000000000000000222e-01 5.849985100000000055e-07
3.317202799999999785e-01 4.000000000000000222e-01 9.969441299999999257e-07
3.597202800000000034e-01 4.000000000000000222e-01 1.551911600000000065e-06
3.877202799999999727e-01 4.000000000000000222e-01 2.161246399999999918e-06
4.157202799999999976e-01 4.000000000000000222e-01 2.800721700000000080e-06
4.437202800000000225e-01 4.000000000000000222e-01 3.441434599999999931e-06
4.717202799999999918e-01 4.000000000000000222e-01 4.083460099999999633e-06
4.997202800000000167e-01 4.000000000000000222e-01 4.722883899999999750e-06
5.277202800000000416e-01 4.000000000000000222e-01 5.354174699999999619e-06
5.557202799999999554e-01 4.000000000000000222e-01 5.972586999999999640e-06
5.837202799999999803e-01 4.000000000000000222e-01 6.581196300000000326e-06
6.117202800000000051e-01 4.000000000000000222e-01 7.177010800000000277e-06
6.397202800000000300e-01 4.000000000000000222e-01 7.762754400000000210e-06
6.677202800000000549e-01 4.000000000000000222e-01 8.335745400000000023e-06
6.957202799999999687e-01 4.000000000000000222e-01 8.892141299999999424e-06
6.999999999999999556e-01 4.000000000000000222e-01 8.975717300000000807e-06
0.000000000000000000e+00 5.000000000000000000e-01 2.568552600000000091e-10
3.500000000000000073e-03 5.000000000000000000e-01 2.828532799999999913e-10
8.325333299999999534e-03 5.000000000000000000e-01 3.230762100000000068e-10
1.502933000000000047e-02 5.000000000000000000e-01 3.886477699999999891e-10
2.434341599999999967e-02 5.000000000000000000e-01 5.024497499999999792e-10
3.718443500000000179e-02 5.000000000000000000e-01 7.160054100000000172e-10
5.488792099999999924e-02 5.000000000000000000e-01 1.166844500000000064e-09
7.929512599999999356e-02 5.000000000000000000e-01 2.286884900000000183e-09
1.072951300000000024e-01 5.000000000000000000e-01 4.939750899999999902e-09
1.352951300000000134e-01 5.000000000000000000e-01 1.062677900000000049e-08
1.632951300000000106e-01 5.000000000000000000e-01 2.269117700000000133e-08
1.912951300000000077e-01 5.000000000000000000e-01 4.783219900000000166e-08
2.192951300000000048e-01 5.000000000000000000e-01 9.870626000000000073e-08
2.472951300000000019e-01 5.000000000000000000e-01 1.970072999999999882e-07
2.752951299999999990e-01 5.000000000000000000e-01 3.745865299999999803e-07
3.032951300000000239e-01 5.000000000000000000e-01 6.682879500000000387e-07
3.312951299999999932e-01 5.000000000000000000e-01 1.106275400000000020e-06
3.592951300000000181e-01 5.000000000000000000e-01 1.683815100000000012e-06
3.872951299999999875e-01 5.000000000000000000e-01 2.301177100000000032e-06
4.152951300000000123e-01 5.000000000000000000e-01 2.941194999999999967e-06
4.432951299999999817e-01 5.000000000000000000e-01 3.583045199999999892e-06
4.712951300000000066e-01 5.000000000000000000e-01 4.227806899999999611e-06
4.992951299999999759e-01 5.000000000000000000e-01 4.869027599999999630e-06
5.272951299999999453e-01 5.000000000000000000e-01 5.501790999999999956e-06
5.552951299999999701e-01 5.000000000000000000e-01 6.122905400000000386e-06
5.832951299999999950e-01 5.000000000000000000e-01 6.734214500000000337e-06
6.112951300000000199e-01 5.000000000000000000e-01 7.333269900000000239e-06
6.392951300000000447e-01 5.000000000000000000e-01 7.924225499999999200e-06
6.672951299999999586e-01 5.000000000000000000e-01 8.504216600000000749e-06
6.952951299999999835e-01 5.000000000000000000e-01 9.070331499999999709e-06
6.999999999999999556e-01 5.000000000000000000e-01 9.164431499999999367e-06
0.000000000000000000e+00 5.999999999999999778e-01 3.468550599999999965e-10
3.500000000000000073e-03 5.999999999999999778e-01 3.816162500000000159e-10
8.325333299999999534e-03 5.999999999999999778e-01 4.353324800000000203e-10
1.502933000000000047e-02 5.999999999999999778e-01 5.227523500000000038e-10
2.434341599999999967e-02 5.999999999999999778e-01 6.741058400000000404e-10
3.718443500000000179e-02 5.999999999999999778e-01 9.571422700000000467e-10
5.488792099999999924e-02 5.999999999999999778e-01 1.551638399999999934e-09
7.910628899999999630e-02 5.999999999999999778e-01 3.001906999999999899e-09
1.071062900000000068e-01 5.999999999999999778e-01 6.420095899999999715e-09
1.351062899999999900e-01 5.999999999999999778e-01 1.365576599999999985e-08
1.631062899999999871e-01 5.999999999999999778e-01 2.877564499999999840e-08
1.911062900000000120e-01 5.999999999999999778e-01 5.970759400000000395e-08
2.191062900000000091e-01 5.999999999999999778e-01 1.208793500000000057e-07
2.471062900000000062e-01 5.999999999999999778e-01 2.357968900000000017e-07
2.751062899999999756e-01 5.999999999999999778e-01 4.367323399999999854e-07
3.031062900000000004e-01 5.999999999999999778e-01 7.578280300000000044e-07
3.311062900000000253e-01 5.999999999999999778e-01 1.221342699999999951e-06
3.591062899999999947e-01 5.999999999999999778e-01 1.817320300000000106e-06
3.871062900000000195e-01 5.999999999999999778e-01 2.442792699999999920e-06
4.151062899999999889e-01 5.999999999999999778e-01 3.084648600000000193e-06
4.431062900000000138e-01 5.999999999999999778e-01 3.727516099999999844e-06
4.711062899999999831e-01 5.999999999999999778e-01 4.374429299999999978e-06
4.991062900000000080e-01 5.999999999999999778e-01 5.017048000000000047e-06
5.271062899999999773e-01 5.999999999999999778e-01 5.650489999999999665e-06
5.551062900000000022e-01 5.999999999999999778e-01 6.273070199999999603e-06
5.831062900000000271e-01 5.999999999999999778e-01 6.885443300000000125e-06
6.111062900000000520e-01 5.999999999999999778e-01 7.486137999999999983e-06
6.391062899999999658e-01 5.999999999999999778e-01 8.079221099999999543e-06
6.671062899999999907e-01 5.999999999999999778e-01 8.660650499999999523e-06
6.951062900000000155e-01 5.999999999999999778e-01 9.229428599999999660e-06
6.999999999999999556e-01 5.999999999999999778e-01 9.327918299999999978e-06
0.000000000000000000e+00 6.999999999999999556e-01 4.624700800000000012e-10
3.500000000000000073e-03 6.999999999999999556e-01 5.083561300000000177e-10
8.250666699999999187e-03 6.999999999999999556e-01 5.780102000000000147e-10
1.474957900000000051e-02 6.999999999999999556e-01 6.890100600000000417e-10
2.357076899999999836e-02 6.999999999999999556e-01 8.745143000000000393e-10
3.554406400000000021e-02 6.999999999999999556e-01 1.208543699999999986e-09
5.179581600000000147e-02 6.999999999999999556e-01 1.874152500000000162e-09
7.385486199999999335e-02 6.999999999999999556e-01 3.395702200000000049e-09
1.018548600000000054e-01 6.999999999999999556e-01 7.196662199999999712e-09
1.298548599999999886e-01 6.999999999999999556e-01 1.515703699999999988e-08
1.578548600000000135e-01 6.999999999999999556e-01 3.159395000000000214e-08
1.858548600000000106e-01 6.999999999999999556e-01 6.477203699999999450e-08
2.138548600000000077e-01 6.999999999999999556e-01 1.294096799999999960e-07
2.418548600000000048e-01 6.999999999999999556e-01 2.488817099999999983e-07
2.698548599999999742e-01 6.999999999999999556e-01 4.543919599999999972e-07
2.978548599999999991e-01 6.999999999999999556e-01 7.779843699999999526e-07
3.258548600000000239e-01 6.999999999999999556e-01 1.239947900000000094e-06
3.538548599999999933e-01 6.999999999999999556e-01 1.834299500000000046e-06
3.818548600000000182e-01 6.999999999999999556e-01 2.467223799999999795e-06
4.098548599999999875e-01 6.999999999999999556e-01 3.109138100000000155e-06
4.378548600000000124e-01 6.999999999999999556e-01 3.753870900000000072e-06
4.658548599999999817e-01 6.999999999999999556e-01 4.402571800000000192e-06
4.938548600000000066e-01 6.999999999999999556e-01 5.047186999999999996e-06
5.218548600000000315e-01 6.999999999999999556e-01 5.682983700000000217e-06
5.498548599999999453e-01 6.999999999999999556e-01 6.308267299999999775e-06
5.778548599999999702e-01 6.999999999999999556e-01 6.923229699999999794e-06
6.058548599999999951e-01 6.999999999999999556e-01 7.526549199999999600e-06
6.338548600000000199e-01 6.999999999999999556e-01 8.122450500000000169e-06
6.618548600000000448e-01 6.999999999999999556e-01 8.706678600000000302e-06
6.898548599999999587e-01 6.999999999999999556e-01 9.278364100000000608e-06
6.999999999999999556e-01 6.999999999999999556e-01 9.483282000000000254e-06
5.000000000000000278e-02 3.500000000000000073e-03 9.983492600000000596e-11
5.000000000000000278e-02 8.288000000000000228e-03 1.598679999999999953e-10
5.000000000000000278e-02 1.488905599999999947e-02 1.869810999999999986e-10
5.000000000000000278e-02 2.398971199999999984e-02 1.975101599999999873e-10
5.000000000000000278e-02 3.653648300000000154e-02 2.083067500000000003e-10
5.000000000000000278e-02 5.370046500000000278e-02 2.236030199999999941e-10
5.000000000000000278e-02 7.699771099999999646e-02 2.456227299999999869e-10
5.000000000000000278e-02 1.049977099999999941e-01 2.741305200000000039e-10
5.000000000000000278e-02 1.189977100000000065e-01 2.892590699999999847e-10
5.000000000000000278e-02 1.374030400000000041e-01 3.100833400000000187e-10
5.000000000000000278e-02 1.562991900000000045e-01 3.326125399999999951e-10
5.000000000000000278e-02 1.809397600000000050e-01 3.638395000000000028e-10
5.000000000000000278e-02 2.089397600000000021e-01 4.019990600000000079e-10
5.000000000000000278e-02 2.369397599999999993e-01 4.431753299999999939e-10
5.000000000000000278e-02 2.649397600000000241e-01 4.875978600000000329e-10
5.000000000000000278e-02 2.929397599999999935e-01 5.354689499999999886e-10
5.000000000000000278e-02 3.209397600000000184e-01 5.869948000000000377e-10
5.000000000000000278e-02 3.489397599999999877e-01 6.424100699999999577e-10
5.000000000000000278e-02 3.769397600000000126e-01 7.019679699999999594e-10
5.000000000000000278e-02 4.049397599999999819e-01 7.659293099999999878e-10
5.000000000000000278e-02 4.329397600000000068e-01 8.345640899999999811e-10
5.000000000000000278e-02 4.609397599999999762e-01 9.081552500000000316e-10
5.000000000000000278e-02 4.889397600000000010e-01 9.870007399999999915e-10
5.000000000000000278e-02 5.169397599999999704e-01 1.071417400000000006e-09
5.000000000000000278e-02 5.449397599999999953e-01 1.161738900000000024e-09
5.000000000000000278e-02 5.729397600000000201e-01 1.258313799999999940e-09
5.000000000000000278e-02 6.009397600000000450e-01 1.361505999999999951e-09
5.000000000000000278e-02 6.289397599999999589e-01 1.471696200000000024e-09
5.000000000000000278e-02 6.569397599999999837e-01 1.589282199999999994e-09
5.000000000000000278e-02 6.849397600000000086e-01 1.714679900000000089e-09
5.000000000000000278e-02 6.999999999999999556e-01 1.785509399999999984e-09
1.000000000000000056e-01 3.500000000000000073e-03 4.132661299999999872e-10
1.000000000000000056e-01 8.288000000000000228e-03 6.698454500000000156e-10
1.000000000000000056e-01 1.488905599999999947e-02 7.898421499999999969e-10
1.000000000000000056e-01 2.398971199999999984e-02 8.371930799999999489e-10
1.000000000000000056e-01 3.653648300000000154e-02 8.820889900000000513e-10
1.000000000000000056e-01 5.370046500000000278e-02 9.458575800000000548e-10
1.000000000000000056e-01 7.699771099999999646e-02 1.036959200000000060e-09
1.000000000000000056e-01 1.049977099999999941e-01 1.153898199999999960e-09
1.000000000000000056e-01 1.329977099999999912e-01 1.279607800000000012e-09
1.000000000000000056e-01 1.609977099999999883e-01 1.414643699999999926e-09
1.000000000000000056e-01 1.889977100000000132e-01 1.559628299999999996e-09
1.000000000000000056e-01 2.169977100000000103e-01 1.715150000000000017e-09
1.000000000000000056e-01 2.449977100000000074e-01 1.881917099999999955e-09
1.000000000000000056e-01 2.729977100000000045e-01 2.060592100000000065e-09
1.000000000000000056e-01 3.009977099999999739e-01 2.251842100000000206e-09
1.000000000000000056e-01 3.289977099999999988e-01 2.456411100000000143e-09
1.000000000000000056e-01 3.569977100000000236e-01 2.675086699999999892e-09
1.000000000000000056e-01 3.849977099999999930e-01 2.908675999999999893e-09
1.000000000000000056e-01 4.129977100000000179e-01 3.158008699999999933e-09
1.000000000000000056e-01 4.409977099999999872e-01 3.423947600000000010e-09
1.000000000000000056e-01 4.689977100000000121e-01 3.707407899999999869e-09
1.000000000000000056e-01 4.969977099999999814e-01 4.009348099999999823e-09
1.000000000000000056e-01 5.249977099999999508e-01 4.330762599999999634e-09
1.000000000000000056e-01 5.529977099999999757e-01 4.672682999999999755e-09
1.000000000000000056e-01 5.809977100000000005e-01 5.036178900000000347e-09
1.000000000000000056e-01 6.089977100000000254e-01 5.422360599999999652e-09
1.000000000000000056e-01 6.369977100000000503e-01 5.832382900000000175e-09
1.000000000000000056e-01 6.649977099999999641e-01 6.267444600000000246e-09
1.000000000000000056e-01 6.929977099999999890e-01 6.728789600000000167e-09
1.000000000000000056e-01 6.999999999999999556e-01 6.848422100000000063e-09
2.000000000000000111e-01 3.500000000000000073e-03 6.919833800000000052e-09
2.000000000000000111e-01 8.288000000000000228e-03 1.164141899999999938e-08
2.000000000000000111e-01 1.488905599999999947e-02 1.408594799999999951e-08
2.000000000000000111e-01 2.398971199999999984e-02 1.509598800000000112e-08
2.000000000000000111e-01 3.643940899999999899e-02 1.589146499999999916e-08
2.000000000000000111e-01 5.347059500000000271e-02 1.698418200000000019e-08
2.000000000000000111e-01 7.658759099999999653e-02 1.850810900000000103e-08
2.000000000000000111e-01 1.045875899999999942e-01 2.042790499999999885e-08
2.000000000000000111e-01 1.325875900000000052e-01 2.243680499999999840e-08
2.000000000000000111e-01 1.605875900000000023e-01 2.454290000000000135e-08
2.000000000000000111e-01 1.885875899999999994e-01 2.675358800000000024e-08
2.000000000000000111e-01 2.165875899999999965e-01 2.907503599999999886e-08
2.000000000000000111e-01 2.445875899999999936e-01 3.151298600000000118e-08
2.000000000000000111e-01 2.725875899999999907e-01 3.407305499999999779e-08
2.000000000000000111e-01 3.005875900000000156e-01 3.676066399999999952e-08
2.000000000000000111e-01 3.285875899999999850e-01 3.958172299999999773e-08
2.000000000000000111e-01 3.565875900000000098e-01 4.254164500000000070e-08
2.000000000000000111e-01 3.845875899999999792e-01 4.564575100000000061e-08
2.000000000000000111e-01 4.125875900000000041e-01 4.889959000000000278e-08
2.000000000000000111e-01 4.405875899999999734e-01 5.230863199999999726e-08
2.000000000000000111e-01 4.685875899999999983e-01 5.587824799999999880e-08
2.000000000000000111e-01 4.965875900000000231e-01 5.961392900000000084e-08
2.000000000000000111e-01 5.245875899999999925e-01 6.352117299999999575e-08
2.000000000000000111e-01 5.525875900000000174e-01 6.760549700000000511e-08
2.000000000000000111e-01 5.805875900000000422e-01 7.187234900000000534e-08
2.000000000000000111e-01 6.085875899999999561e-01 7.632714800000000001e-08
2.000000000000000111e-01 6.365875899999999810e-01 8.097517899999999633e-08
2.000000000000000111e-01 6.645875900000000058e-01 8.582199700000000150e-08
2.000000000000000111e-01 6.925875900000000307e-01 9.087290700000000262e-08
2.000000000000000111e-01 6.999999999999999556e-01 9.224489599999999644e-08
2.999999999999999889e-01 3.500000000000000073e-03 8.823947399999999911e-08
2.999999999999999889e-01 8.288000000000000228e-03 1.633795299999999870e-07
2.999999999999999889e-01 1.488905599999999947e-02 2.131030400000000119e-07
2.999999999999999889e-01 2.398971199999999984e-02 2.371325499999999921e-07
2.999999999999999889e-01 3.653648300000000154e-02 2.506198400000000054e-07
2.999999999999999889e-01 5.370046500000000278e-02 2.659102799999999868e-07
2.999999999999999889e-01 7.699771099999999646e-02 2.855275199999999934e-07
2.999999999999999889e-01 1.049977099999999941e-01 3.081866300000000132e-07
2.999999999999999889e-01 1.329977099999999912e-01 3.302487299999999815e-07
2.999999999999999889e-01 1.609977099999999883e-01 3.519918700000000244e-07
2.999999999999999889e-01 1.889977100000000132e-01 3.736894800000000259e-07
2.999999999999999889e-01 2.169977100000000103e-01 3.954344900000000230e-07
2.999999999999999889e-01 2.449977100000000074e-01 4.173016399999999780e-07
2.999999999999999889e-01 2.729977100000000045e-01 4.393269299999999848e-07
2.999999999999999889e-01 3.009977099999999739e-01 4.615185599999999838e-07
2.999999999999999889e-01 3.289977099999999988e-01 4.838779199999999879e-07
2.999999999999999889e-01 3.569977100000000236e-01 5.065023600000000269e-07
2.999999999999999889e-01 3.849977099999999930e-01 5.294099299999999848e-07
2.999999999999999889e-01 4.129977100000000179e-01 5.526134000000000215e-07
2.999999999999999889e-01 4.409977099999999872e-01 5.761091099999999894e-07
2.999999999999999889e-01 4.689977100000000121e-01 5.998935199999999643e-07
2.999999999999999889e-01 4.969977099999999814e-01 6.239947199999999870e-07
2.999999999999999889e-01 5.249977099999999508e-01 6.484153399999999625e-07
2.999999999999999889e-01 5.529977099999999757e-01 6.731558200000000049e-07
2.999999999999999889e-01 5.809977100000000005e-01 6.982191700000000213e-07
2.999999999999999889e-01 6.089977100000000254e-01 7.236061399999999796e-07
2.999999999999999889e-01 6.369977100000000503e-01 7.493110099999999887e-07
2.999999999999999889e-01 6.649977099999999641e-01 7.753451999999999699e-07
2.999999999999999889e-01 6.929977099999999890e-01 8.017123999999999679e-07
2.999999999999999889e-01 6.999999999999999556e-01 8.083580700000000071e-07
4.000000000000000222e-01 3.500000000000000073e-03 3.022696200000000173e-07
4.000000000000000222e-01 8.325333299999999534e-03 6.560640799999999900e-07
4.000000000000000222e-01 1.502933000000000047e-02 1.032602299999999948e-06
4.000000000000000222e-01 2.427190599999999934e-02 1.371114899999999934e-06
4.000000000000000222e-01 3.701433800000000079e-02 1.610013699999999977e-06
4.000000000000000222e-01 5.458190500000000001e-02 1.743976999999999947e-06
4.000000000000000222e-01 7.861433499999999353e-02 1.839906500000000025e-06
4.000000000000000222e-01 1.066143400000000019e-01 1.920310699999999913e-06
4.000000000000000222e-01 1.346143399999999990e-01 1.986373700000000046e-06
4.000000000000000222e-01 1.626143399999999961e-01 2.044728299999999835e-06
4.000000000000000222e-01 1.906143399999999932e-01 2.098438099999999820e-06
4.000000000000000222e-01 2.186143399999999903e-01 2.149005999999999834e-06
4.000000000000000222e-01 2.466143399999999875e-01 2.197309200000000036e-06
4.000000000000000222e-01 2.746143400000000123e-01 2.243956700000000084e-06
4.000000000000000222e-01 3.026143399999999817e-01 2.289381900000000040e-06
4.000000000000000222e-01 3.306143400000000065e-01 2.333803099999999810e-06
4.000000000000000222e-01 3.586143399999999759e-01 2.377412300000000036e-06
4.000000000000000222e-01 3.866143400000000008e-01 2.420409200000000069e-06
4.000000000000000222e-01 4.146143400000000256e-01 2.462845399999999891e-06
4.000000000000000222e-01 4.426143399999999950e-01 2.504842799999999968e-06
4.000000000000000222e-01 4.706143400000000199e-01 2.546525700000000151e-06
4.000000000000000222e-01 4.986143399999999892e-01 2.587890899999999844e-06
4.000000000000000222e-01 5.266143399999999586e-01 2.629004599999999901e-06
4.000000000000000222e-01 5.546143399999999835e-01 2.669940200000000187e-06
4.000000000000000222e-01 5.826143400000000083e-01 2.710711499999999940e-06
4.000000000000000222e-01 6.106143400000000332e-01 2.751354999999999850e-06
4.000000000000000222e-01 6.386143399999999470e-01 2.791899999999999900e-06
4.000000000000000222e-01 6.666143399999999719e-01 2.832357600000000121e-06
4.000000000000000222e-01 6.946143399999999968e-01 2.872761800000000180e-06
4.000000000000000222e-01 6.999999999999999556e-01 2.880525499999999955e-06
5.000000000000000000e-01 3.500000000000000073e-03 4.371376699999999741e-07
5.000000000000000000e-01 8.325333299999999534e-03 9.883971299999998955e-07
5.000000000000000000e-01 1.502933000000000047e-02 1.650499100000000033e-06
5.000000000000000000e-01 2.434341599999999967e-02 2.375055299999999984e-06
5.000000000000000000e-01 3.718443500000000179e-02 3.047921600000000078e-06
5.000000000000000000e-01 5.488792099999999924e-02 3.541061400000000022e-06
5.000000000000000000e-01 7.929512599999999356e-02 3.854875100000000025e-06
5.000000000000000000e-01 1.072951300000000024e-01 4.062330500000000153e-06
5.000000000000000000e-01 1.352951300000000134e-01 4.197611100000000296e-06
5.000000000000000000e-01 1.632951300000000106e-01 4.290669500000000171e-06
5.000000000000000000e-01 1.912951300000000077e-01 4.360665700000000116e-06
5.000000000000000000e-01 2.192951300000000048e-01 4.419667399999999703e-06
5.000000000000000000e-01 2.472951300000000019e-01 4.473114000000000385e-06
5.000000000000000000e-01 2.752951299999999990e-01 4.523407800000000097e-06
5.000000000000000000e-01 3.032951300000000239e-01 4.571653000000000392e-06
5.000000000000000000e-01 3.312951299999999932e-01 4.618398399999999817e-06
5.000000000000000000e-01 3.592951300000000181e-01 4.664095999999999839e-06
5.000000000000000000e-01 3.872951299999999875e-01 4.709066199999999729e-06
5.000000000000000000e-01 4.152951300000000123e-01 4.753376100000000217e-06
5.000000000000000000e-01 4.432951299999999817e-01 4.797263000000000253e-06
5.000000000000000000e-01 4.712951300000000066e-01 4.840812500000000334e-06
5.000000000000000000e-01 4.992951299999999759e-01 4.884019700000000052e-06
5.000000000000000000e-01 5.272951299999999453e-01 4.926985999999999620e-06
5.000000000000000000e-01 5.552951299999999701e-01 4.969691899999999878e-06
5.000000000000000000e-01 5.832951299999999950e-01 5.012165899999999601e-06
5.000000000000000000e-01 6.112951300000000199e-01 5.054485499999999974e-06
5.000000000000000000e-01 6.392951300000000447e-01 5.096638300000000063e-06
5.000000000000000000e-01 6.672951299999999586e-01 5.138616099999999768e-06
5.000000000000000000e-01 6.952951299999999835e-01 5.180427799999999610e-06
5.000000000000000000e-01 6.999999999999999556e-01 5.187441499999999858e-06
5.999999999999999778e-01 3.500000000000000073e-03 5.100114599999999481e-07
5.999999999999999778e-01 8.325333299999999534e-03 1.168909200000000065e-06
5.999999999999999778e-01 1.502933000000000047e-02 1.993070099999999985e-06
5.999999999999999778e-01 2.434341599999999967e-02 2.957788600000000021e-06
5.999999999999999778e-01 3.718443500000000179e-02 3.954002200000000108e-06
5.999999999999999778e-01 5.488792099999999924e-02 4.789250199999999807e-06
5.999999999999999778e-01 7.929512599999999356e-02 5.352280299999999673e-06
5.999999999999999778e-01 1.072951300000000024e-01 5.727325899999999713e-06
5.999999999999999778e-01 1.352951300000000134e-01 6.001950799999999706e-06
5.999999999999999778e-01 1.632951300000000106e-01 6.213972200000000089e-06
5.999999999999999778e-01 1.912951300000000077e-01 6.377805899999999963e-06
5.999999999999999778e-01 2.192951300000000048e-01 6.504969099999999694e-06
5.999999999999999778e-01 2.472951300000000019e-01 6.603790000000000346e-06
5.999999999999999778e-01 2.752951299999999990e-01 6.682777200000000083e-06
5.999999999999999778e-01 3.032951300000000239e-01 6.748224700000000273e-06
5.999999999999999778e-01 3.312951299999999932e-01 6.805531299999999932e-06
5.999999999999999778e-01 3.592951300000000181e-01 6.858023199999999693e-06
5.999999999999999778e-01 3.872951299999999875e-01 6.907566699999999636e-06
5.999999999999999778e-01 4.152951300000000123e-01 6.955224300000000398e-06
5.999999999999999778e-01 4.432951299999999817e-01 7.001570799999999972e-06
5.999999999999999778e-01 4.712951300000000066e-01 7.047005399999999721e-06
5.999999999999999778e-01 4.992951299999999759e-01 7.091752599999999597e-06
5.999999999999999778e-01 5.272951299999999453e-01 7.135943199999999735e-06
5.999999999999999778e-01 5.552951299999999701e-01 7.179667400000000383e-06
5.999999999999999778e-01 5.832951299999999950e-01 7.223039599999999785e-06
5.999999999999999778e-01 6.112951300000000199e-01 7.266102100000000188e-06
5.999999999999999778e-01 6.392951300000000447e-01 7.308851400000000331e-06
5.999999999999999778e-01 6.672951299999999586e-01 7.351395000000000111e-06
5.999999999999999778e-01 6.952951299999999835e-01 7.393802800000000251e-06
5.999999999999999778e-01 6.999999999999999556e-01 7.400914600000000178e-06
6.999999999999999556e-01 3.500000000000000073e-03 5.566272299999999859e-07
6.999999999999999556e-01 8.325333299999999534e-03 1.284141600000000043e-06
6.999999999999999556e-01 1.502933000000000047e-02 2.212207299999999981e-06
6.999999999999999556e-01 2.434341599999999967e-02 3.336059899999999931e-06
6.999999999999999556e-01 3.718443500000000179e-02 4.566798899999999872e-06
6.999999999999999556e-01 5.488792099999999924e-02 5.700728799999999764e-06
6.999999999999999556e-01 7.929512599999999356e-02 6.528905299999999609e-06
6.999999999999999556e-01 1.072951300000000024e-01 7.058684899999999717e-06
6.999999999999999556e-01 1.352951300000000134e-01 7.469533899999999957e-06
6.999999999999999556e-01 1.632951300000000106e-01 7.803455199999999182e-06
6.999999999999999556e-01 1.912951300000000077e-01 8.070624099999999191e-06
6.999999999999999556e-01 2.192951300000000048e-01 8.283502799999999542e-06
6.999999999999999556e-01 2.472951300000000019e-01 8.455314200000000016e-06
6.999999999999999556e-01 2.752951299999999990e-01 8.593864400000000457e-06
6.999999999999999556e-01 3.032951300000000239e-01 8.706422699999999951e-06
6.999999999999999556e-01 3.312951299999999932e-01 8.799775899999999409e-06
6.999999999999999556e-01 3.592951300000000181e-01 8.878734799999999402e-06
6.999999999999999556e-01 3.872951299999999875e-01 8.947328699999999369e-06
6.999999999999999556e-01 4.152951300000000123e-01 9.008048500000000156e-06
6.999999999999999556e-01 4.432951299999999817e-01 9.063091199999999940e-06
6.999999999999999556e-01 4.712951300000000066e-01 9.114395699999999577e-06
6.999999999999999556e-01 4.992951299999999759e-01 9.163226699999999652e-06
6.999999999999999556e-01 5.272951299999999453e-01 9.210365199999999913e-06
6.999999999999999556e-01 5.552951299999999701e-01 9.256301200000000755e-06
6.999999999999999556e-01 5.832951299999999950e-01 9.301357700000000719e-06
6.999999999999999556e-01 6.112951300000000199e-01 9.345761199999999387e-06
6.999999999999999556e-01 6.392951300000000447e-01 9.389635799999999273e-06
6.999999999999999556e-01 6.672951299999999586e-01 9.433068599999999966e-06
6.999999999999999556e-01 6.952951299999999835e-01 9.476090799999999448e-06
6.999999999999999556e-01 6.999999999999999556e-01 9.483282000000000254e-06
